-0.042855989789165695 0.6153990745900366 0.7799793288535564 -0.10525962993509459 0
-0.24301763869052992 0.12354156102443196 -0.34789412318961316 0.23377251556813908 1
-0.049003794712796436 -0.9098465586582983 0.09380121227409896 -0.401222133458895 0
-0.32706885443218964 -0.10157459106768099 -0.33586982720676023 0.1410674522416478 1
-0.44019976687178125 0.7923064289548137 -0.3439289780119631 0.24533150218947997 0
-0.16167420137529873 0.17391144947576073 0.2741695086200486 0.34416179464597807 1
-0.03220114744065666 0.5036277505895177 -0.8276405904974344 0.24562823107433254 0
0.07606009427648538 -0.11454631706088717 -0.187770722592855 -0.4425337942388084 1
-0.1750524511837321 0.5543893270052975 -0.3915663644742224 -0.7132214912981947 0
-0.09136328848844731 0.09680212144531702 -0.257922936487829 0.4071337097732859 1
-0.7833876289812728 -0.6186071762046156 0.05842225527153175 0.014690963080731447 0
0.1716817040617523 0.24567759921885785 0.22402533066595645 -0.3316331722740053 1
0.12280724925347528 0.6789428761976077 0.5400720128425551 -0.4819514200990652 0
-0.09726704671234648 0.11954862764299902 0.46530889921703883 0.09866547299821463 1
-0.37456201370366066 0.4371181991899304 0.8165762651512786 -0.042827339618519825 0
-0.16421821322620553 -0.27568158685307326 -0.12796826167541844 -0.36146391952549783 1
-0.8222726451039658 0.43797182122508344 -0.30372792061203907 -0.1994936870359507 0
0.06122045156902523 0.126421188149402 -0.4520827948540941 0.16090645137311674 1
-0.2597596044306931 0.14510487690718715 0.5000014968286566 0.8133068460137678 0
0.34961320447333627 -0.2579286960238016 -0.06670541711194924 0.2383144610661876 1
-0.005276419718219321 0.16308865827969785 -0.16374302455111828 -0.9729144211318572 0
-0.3692723351274807 -0.03136488071092449 0.3218168514501394 0.09533153145841093 1
0.3698214887636823 0.2651078315406137 -0.4635947335287064 -0.7602827284299538 0
0.2742728083415304 0.29948567388145597 0.09280890627397599 0.2765307662095643 1
-0.1377748692405267 0.9888059241485017 -0.056019127793413406 0.011949355457454246 0
0.041401843932243367 -0.3310135787410475 -0.3233084930680229 0.18489866499825994 1
0.7096549208579926 0.276350738051307 -0.21181302857575046 -0.6124993092290818 0
0.17951928356468413 0.4277664672422267 -0.1610029067753015 -0.09416337048678287 1
-0.5260217062656364 -0.010669622662993263 0.18983864926784583 -0.8289442749267153 0
0.037667644037729084 -0.21227962653185709 0.3148714561422173 -0.3230703868494015 1
-0.20211024829503646 -0.45986334484051195 0.8623695602731627 -0.0632130771319266 0
-0.14139985370258273 -0.3156853412654065 0.011448168385374 -0.3608570161762858 1
0.11088400500000181 0.03361181996255557 0.5568866914862223 0.8224671396715455 0
0.20127270192878916 -0.07589689210045089 -0.38468855016575665 -0.23610099660769204 1
-0.2768707455823025 -0.5219576195368639 0.07346084778957405 0.8034340903211336 0
-0.0019513512181989628 -0.2951981398654022 0.4032049923754689 -0.0167327395224978 1
-0.209361240869936 -0.285418870223038 -0.9352355789000927 -0.006192842757083783 0
-0.05951583018561864 -0.24441864577117212 -0.32556365498083506 0.2841226814462772 1
0.3563159175753397 0.7775115427786677 0.34959419305289996 0.3824900886455379 0
-0.28890332146591996 0.3868353021661802 0.10963075052364926 0.06981703505292051 1
0.5043165692305359 -0.5998260229954618 0.52644481472645 -0.32974140956911013 0
0.2487717439207193 -0.014901084701707585 -0.4212392457975449 0.10221582510194842 1
-0.19956462619875298 -0.016413311075480184 -0.3144248532332209 0.927923259143211 0
0.033607689145146294 -0.35283503135411415 -0.27437122092241345 -0.22158158093399533 1
-0.900755520190988 0.314933198114617 -0.2968435161362755 0.036612846087333346 0
-0.4808888141741908 -0.02301272810466255 -0.12951529895761046 -0.03797565118917969 1
-0.4873295197944853 -0.7868431826242035 0.10961194470186111 -0.36245408905593374 0
0.4176904763454575 -0.24277969945458988 -0.12427055314216522 -0.03390447057224321 1
-0.365620986593111 -0.43497288979718574 0.19213146191080707 -0.8001283526086184 0
-0.23497351265921917 0.309274969755134 -0.30218812056450495 -0.08842387246236673 1
-0.6621016789177168 -0.6257153172938759 0.05298983245578408 -0.4090156306725613 0
0.295109849940603 0.0851749057806017 -0.03547303190628955 0.3929339332517309 1
-0.5269567688199716 0.5822366106162761 0.5028632902448187 -0.36117254100642976 0
-0.2870281199346902 -0.2851792727659143 0.2937443241380869 0.0013830358346428589 1
0.35737623266483404 0.5777904275284997 0.6691964604021562 -0.30102582541693823 0
0.05318620782728032 0.02941659686652611 -0.13653414529436472 -0.4771418219926681 1
0.28575358370594667 -0.9095569914237966 0.2183460402802076 0.20826899780153113 0
0.2829337503740134 -0.029778584488414316 0.37079691088325145 0.17768336918406266 1
-0.6016002953991906 0.08529060008349053 -0.40548126400459705 0.6829257226479605 0
0.03978186387902196 -0.04347585960944496 0.14860844783101862 -0.4737539257576513 1
0.24324138232684372 0.02044588957614497 -0.9079349637323921 -0.34069003090114935 0
0.32329398202961124 -0.06476472702708985 -0.10127680215688335 -0.361980027986931 1
0.37040230359998744 -0.06934070497107091 0.7096319095084902 -0.5953289453144972 0
-0.4658554394290515 0.03105829799401606 0.07581872796567393 0.16206669050038428 1
-0.4633824686341256 0.8326744672781087 -0.26425755462085887 0.1486535035963343 0
-0.26691834759433003 0.27059243608252764 0.16861308151101556 -0.2776759946336651 1
-0.40425619454772055 0.403949877598879 -0.4241641159780125 0.7024857495168406 0
-0.4496366241034216 0.19774819390960627 0.054911404625883196 0.07554664593732545 1
0.09258605904308856 0.8409079822851874 0.4427401972340144 0.29712405616696674 0
0.20747230802142871 -0.26885315357505984 -0.24681603655360962 -0.2715788418065258 1
-0.7405021738940201 -0.0861007787199424 -0.3245201316137825 -0.5821768378589304 0
-0.3320356783500451 0.09547449818746613 0.25753076155875576 0.25360369742857497 1
0.1752024638707125 -0.34824830201894336 -0.6259943952130358 0.6753948726163235 0
-0.05649610772025714 -0.3643674485287792 -0.2168989105300588 -0.2588424518427418 1
-0.5476316696541528 0.811210187119313 0.08511847650426937 0.18652729468698678 0
0.07858425818814266 -0.3292823295311579 0.3428299507671982 -0.13366108887972497 1
-0.14934341144595448 -0.06549640636293654 -0.9300620594810967 0.32922838839475344 0
-0.4589620798336321 0.19649820399377468 0.01594892012812222 -0.0220883917195082 1
-0.4951456094487023 0.4624704853563498 -0.2828808097118835 0.6789184951926736 0
-0.06142203434719003 0.13267631347847064 -0.43278771730741034 -0.20327105373430876 1
0.42193393886273894 0.6480054263028538 0.625270367284991 -0.10534555763354923 0
-0.05635073470701322 -0.2902858593557819 0.11970647734989037 -0.385005290660447 1
-0.038075128784343555 0.06614364289138101 -0.08704575163218865 -0.9932765678278634 0
-0.026216565265079282 0.2233483929351184 0.4129692434347415 -0.16995467353367785 1
0.718458190103198 0.41566290266305994 -0.0610449830662123 0.5543606141004268 0
0.19311832965064046 -0.27332773542809075 0.229805843819575 0.2918673225030019 1
-0.34519979783444604 0.23950097921382427 0.6952663662952586 -0.5831646940867254 0
-0.09416925794089472 0.2384652705244967 0.07502427759773035 -0.42265567946435845 1
0.27552571884830573 -0.8977231116518118 -0.2998923909147989 0.1680575702868459 0
-0.24500862273003554 -0.05905724410739036 0.07372396746574181 0.4254971131834874 1
0.2653007137456321 0.9502264373681246 -0.16026869955225959 -0.03161001354898747 0
-0.2888579170962283 0.09479256781719703 0.3511866401623656 -0.1850497678704832 1
-0.04461055010344652 0.46351329055948515 -0.8789775640384899 -0.10278020340098834 0
-0.1240335542387074 -0.3373755875621981 0.08910594811427021 0.3359367802885421 1
0.8775901934932678 0.14751118464800633 -0.3579394251723075 0.28276363025592344 0
-0.12552871834937793 0.1912149746285103 -0.4413835452691139 0.053478409784218126 1
0.23428396601590262 0.06610634867321286 0.9581790142623632 0.15044583929162406 0
-0.23036147361091006 0.25622936684134967 0.26592603006191023 0.24609642333728277 1
-0.2437524908361168 -0.3088684636430304 0.6026157653133574 0.6942904541859835 0
-0.08321282353519456 0.3555325960081891 0.30087529518180706 0.16169803933331658 1
0.06345993760897473 -0.6994281913471805 0.6253169176948643 -0.340223153109942 0
0.30687292754675466 0.34807971778187463 0.11183556966961494 -0.14887015068322937 1
0.32080181449666645 -0.3222459714024577 0.8528534743651235 -0.25668011413794906 0
-0.24360181024312794 -0.14322914245697402 -0.40820571872646433 0.059259277723590215 1
-0.7376961324228233 0.12769360398612695 -0.05658844814523887 0.6605274462472821 0
-0.1262840085359781 -0.2962513134474424 -0.20605864413896388 -0.32222250642120287 1
0.301392375535087 0.10409653774632369 -0.506782705098171 -0.8009356007894303 0
0.09962933968542012 0.2375629167833588 0.14922888277811897 0.40170710198853155 1
-0.4941620463371484 0.375513205285888 -0.5234524901930443 0.5837732394744568 0
0.08057931170017357 -0.46552624116025754 -0.05837465448213147 0.15292054483037837 1
-0.31868886124570606 0.26087951813992155 0.6307112057139258 0.6577101654375455 0
0.14719274458219933 0.04834670477741135 -0.43017997004515085 0.2023415069912211 1
-0.5345097369186429 0.08121502724235359 0.4774659999240649 -0.6926252084682594 0
0.26793267354108863 -0.1593942144231404 -0.08855655160875436 -0.38074046806810596 1
0.9716637954525499 -0.024295790593763245 -0.22620569737851814 -0.06411057354031091 0
0.2384342172932071 0.20269977808710057 0.051615164743576844 -0.3865201142964093 1
-0.11737670872245314 -0.35484069226153203 0.3582984432899316 -0.8555308392459343 0
0.23148993517454675 -0.2868065596190098 0.31926831649447546 0.11055383012440141 1
0.19482829650515626 -0.5438635513256216 -0.5464039743987005 -0.6063803007863021 0
0.4000582821353856 0.09998514786006624 -0.009802438248742497 0.2825955649097566 1
0.14600342159331464 0.031036117188608 0.11920864231328436 0.981584973352141 0
-0.19255561964594592 -0.3640705750598924 0.12336308927705439 -0.25525770884019666 1
0.1916018409419645 0.07601473378401735 -0.08583742509768631 -0.9747524974310116 0
0.2932110397538563 0.20025943156449622 -0.1746324175545112 0.3056582486617926 1
0.6007094016827462 0.31425385728042954 0.29464545776506373 0.6734810926319643 0
-0.1797470643923696 -0.23504352939129308 -0.4024803429362466 -0.021333206124045035 1
-0.35486231559929976 0.062161877991144705 -0.2111788726055283 0.9086320056310889 0
0.05341812050454803 0.08763184979182219 -0.3966892703872755 0.2865393272544557 1
0.10239555261342262 0.9516443235274675 0.26572397304197015 -0.11523455407876115 0
0.21299802546461435 0.18710312135752022 -0.2657760344144322 -0.3146225717544548 1
-0.8956950765910012 0.18907371175089074 -0.040414382337833725 -0.4004349372814924 0
0.43926558143808786 -0.08637294858071909 0.15499188779454925 -0.15988426262522817 1
-0.7474797846613547 0.49509521121399375 0.42928469825372273 -0.10894655203720853 0
0.29957472080033076 -0.04934884060505542 0.39124697915873474 0.06888744361278942 1
0.20605503030234149 0.6058899079017582 -0.05964867022459269 -0.766081444841433 0
0.05161097413021184 -0.449181362144046 -0.19843396034820113 -0.07871705426575962 1
-0.2698880424464399 0.9364467815196525 0.09832305244291045 0.20139624446404558 0
0.1359410397655691 -0.03871959839875856 -0.020543483920525987 -0.4791646811647347 1
-0.6208340282895238 -0.7312777039087635 -0.20057458835881856 -0.19891672526064713 0
0.08231743357191343 0.3275140024889104 0.12833187994429476 0.3456723114364105 1
-0.2708150276307931 0.604890681244948 0.7144848507290605 0.224227301261527 0
-0.1065008702480431 0.32492152783091777 -0.36242875729818314 0.04158078007597142 1
-0.05224826529187719 -0.15726259221321692 -0.975913356568633 0.14188627958796124 0
-0.2856662225599955 0.30722198837428577 -0.06712748620417722 0.2636348985691412 1
0.734245620638582 0.20871137018872213 -0.6408765741459318 -0.08124130253746277 0
-0.3823008349598315 -0.3034286448742852 -0.06502958518422458 -0.08688085007375473 1
0.5460488241134117 0.18510434118129243 0.816032065708382 -0.040727537317040374 0
0.27420964349448873 0.10287135133924366 0.14885044235621606 -0.3769218782435189 1
-0.05478454006159814 0.12242092217632511 0.9658205348038706 -0.22181629005756673 0
0.2879064534025587 0.2606696717187871 0.30935957345660997 -0.05880349178343424 1
-0.8541757417846141 0.33121845628055957 -0.3995766215030781 0.0318851048926161 0
-0.001381331865999874 0.14154848568761444 0.474460586503553 0.06963669992556838 1
-0.44981630508906245 -0.41965006026717877 0.29914592626967773 0.7294318565774554 0
-0.038748316857143965 0.47098758948577646 0.14167231320421964 -0.08122939223262478 1
0.5896842789113708 0.22122789277868637 -0.0721388175042348 0.773386489195777 0
0.1232325437404415 -0.36821429955334434 -0.30751989601654506 0.06828970143201307 1
0.5359429480416855 0.329438258021016 -0.33288453365494014 -0.70244108496713 0
-0.042654534589154296 -0.09679812074213485 -0.48848818042177006 -0.013784487223032217 1
0.7078894405096 -0.205126440629883 -0.3702782604408622 0.5654287693550882 0
-0.1831361207312945 0.2849300930210869 -0.3599268399757359 0.07568799931011828 1
0.46512557484362815 -0.25977325459369305 -0.06000147902899168 -0.8441420960587845 0
0.22411009382005084 -0.3122992646624655 -0.31803961020688104 -0.033085366534262334 1
-0.47778925006622314 0.3769146606803662 -0.7344755958239437 0.3003304350618221 0
0.04304891292213968 -0.36767085692548235 0.33287665272820666 -0.046454990392512524 1
0.3393554375771338 0.8543878065139058 0.22291198441869897 0.32429864364456745 0
0.3500326763953177 -0.1966641215794972 0.2474886671738547 -0.16598104819347437 1
0.17968939372811213 -0.026788629567578586 -0.8206054456635546 0.5418494197236289 0
-0.20125190668399628 0.3083320457180747 -0.006590287908333466 -0.33820938447158494 1
-0.9291132529129914 -0.24783077051487357 0.27221966349253307 -0.03499896077679779 0
0.43704431556770446 -0.23119947244507133 -0.06889253653591008 -0.028158277303944025 1
0.212467703414022 -0.3038580121133927 0.8760666421015398 -0.3082775082249774 0
0.31849970100218344 -0.15312676726843918 -0.032104134522712505 -0.35224914216216996 1
-0.5595719491492591 0.4392043523567837 0.3209029072557684 -0.625300003766954 0
-0.2547549715000937 -0.06980949496291058 -0.2131192311185435 -0.3671603631064369 1
0.3341350907812908 -0.7826785357685174 0.5039664559509608 -0.1476003456366435 0
-0.4523185747241075 0.102962436046324 -0.12682876829596015 -0.13682509731583692 1
0.7444218418519536 0.5032235004945899 0.41450988268398986 0.1441658318778123 0
0.016821134105597862 0.11846520252380204 -0.46596306198288684 0.13624048629511112 1
0.027511694481666255 -0.8624593850211999 -0.39555077491305246 0.31455762639186585 0
-0.39645189181650947 -0.21852011312221362 0.10837399279339105 0.1825648797610965 1
0.07799527027625376 -0.12618520029970579 0.8547637130955831 0.4973660903347847 0
0.20099787342475336 0.3723572031946087 -0.26590197301338536 0.015687856941107973 1
0.3842054360725184 0.7936617353928344 -0.42412953011628574 -0.2064010037497371 0
0.26668932168071446 0.23341830094123245 -0.29752799879708003 0.18939322168175218 1
0.17795122262933266 -0.16698249597003564 0.12924547439708456 -0.9611169625764678 0
-0.4109767639242359 -0.22433509108672325 -0.15051140829491746 0.09010095667946667 1
-0.03280164660550549 0.46801225259979384 -0.8814524368772025 -0.054131182507641644 0
-0.28324205201140645 -0.4006961891210662 -0.09409931800857532 -0.0190216283883232 1
0.001627328913707792 0.6444759882785981 -0.5059704298382027 0.5732730383179339 0
0.10431369372194688 -0.022248831369373678 0.48522844131467324 0.05636490525241537 1
-0.6507384252686206 -0.42076614844692695 0.6242206740138955 0.09921643177262728 0
0.3035108349491064 -0.1086645427859387 0.34831896043982213 0.15731208474793304 1
0.6968964231241923 0.5730754430931 0.4277823525315715 -0.05405710705271159 0
0.2738634933302645 -0.10139316025603444 -0.40584848357344067 -0.0022852692132477558 1
0.14315764314455062 0.5715560534329251 -0.35218276750939287 0.7271842031169969 0
-0.3331213207357713 -0.046218380611144416 -0.3272232613994392 -0.17268174241665799 1
0.08250580415542728 -0.25110660374251426 -0.2884557345666773 0.9202888432623558 0
-0.10686514536432963 -0.08923204015218751 -0.4167012410944249 -0.23869972640726883 1
0.3762539324721769 0.3088621973512096 0.2723870654735465 0.8299653052443305 0
-0.3457916018062422 0.0457908268928998 -0.325153466045304 -0.15035488622410353 1
